ID,Member,PARTY,CONSTITUENCY,Cost of staying away from main home (2nd home),London costs,Office running costs,Staffing costs,Travel,Centrally provided stationary/postage,Staff cover & other,Comms allowance
Diane Abbott MP,0.00,2916,14225.18,105341.20,234,6271,1243,12233
Gerry Adams MP,21600.00,0,19757.61,98876.35,2398,0,0,0
Adam Afriyie MP,0.00,0,18659.66,102205.00,0,3385,0,0
Nick Ainger MP,11139.18,0,14806.14,93653.80,9065,5074,0,7154
Robert Ainsworth MP,20303.71,0,21180.22,86639.18,5526,2301,0,10379
Peter Ainsworth MP,10265.19,0,11061.65,96582.00,2341,1806,0,8713
Danny Alexander MP,21979.83,0,22878.46,89950.92,32949,4183,0,15684
Douglas Alexander MP,10262.00,0,15025.50,67297.39,11675,5990,0,8487
Graham Allen MP,23934.63,0,25753.44,95486.20,16903,6942,4292,10176
David Amess MP,19968.22,0,7668.88,85785.31,6762,5332,0,11776
Michael Ancram MP,10765.57,0,8063.02,102968.17,10007,2641,0,0
David Anderson MP,22891.45,0,12834.37,93533.00,14066,4346,0,9668
Janet Anderson MP,24006.00,0,25462.54,96897.20,14632,4153,0,9710
James Arbuthnot MP,24006.00,0,12315.06,92471.42,4566,1799,1829,9057
Hilary Armstrong MP,8970.45,0,13224.99,89532.54,17032,6966,0,11818
Charlotte Atkins MP,18193.80,0,21520.84,100324.70,11711,6984,0,10950
Peter Atkinson MP,24006.00,0,19619.85,90698.43,13050,1806,0,5115
Ian Austin MP,23262.11,0,22028.61,91886.81,10330,6999,0,11917
John Austin MP,21395.35,0,10922.58,111422.04,1439,1802,0,6939
Richard Bacon MP,24006.00,0,26812.67,94746.71,8166,5240,0,7145
Adrian Bailey MP,23310.90,0,15610.30,105825.98,6441,1598,0,1665
Vera Baird MP,15424.78,0,18152.18,99595.07,10024,1321,0,4526
Norman Baker MP,22133.33,0,26699.87,95698.00,6033,6260,0,9159
Tony Baldry MP,7829.03,0,14378.70,92827.93,4559,3739,0,21856
Ed Balls MP,11839.61,0,27746.68,88776.54,13705,5569,0,12147
Gordon Banks MP,21148.36,0,21138.63,98914.64,17125,6300,0,8839
Gregory Barker MP,22880.00,0,25956.64,91651.57,6321,4243,2348,10399
Celia Barlow MP,0.00,0,20442.54,94395.17,6135,5083,0,15407
John Baron MP,18747.75,0,13263.27,102388.11,2945,6965,0,12023
John Barrett MP,23376.57,0,26970.01,84130.17,13767,4023,2912,13016
Kevin Barron MP,24006.00,0,14187.65,85345.96,6718,472,0,6714
John Battle MP,9995.47,0,17245.00,105152.03,12027,3100,6988,9124
Hugh Bayley MP,24006.00,0,20112.71,101767.33,16752,6931,0,6666
Margaret Beckett MP,7851.79,0,6584.39,112213.05,619,4788,0,0
Anne Begg MP,22579.42,0,21033.43,87061.71,16026,6940,4306,10631
Alan Beith MP,13459.05,0,11978.24,95276.76,12207,5246,0,15490
Henry Bellingham MP,20951.49,0,14945.30,96795.14,6995,5493,0,50
Stuart Bell MP,23368.23,0,4037.26,81204.06,20340,762,0,8764
Hilary Benn MP,10445.96,0,15876.86,68755.23,11504,4654,0,13155
Joseph Benton MP,7630.22,0,9665.65,93190.94,8851,1814,0,0
Richard Benyon MP,0.00,0,14667.71,89427.72,3511,2896,0,9086
John Bercow MP,21986.98,0,8931.28,38307.11,4749,2998,0,9372
Paul Beresford MP,0.00,0,15216.73,91749.51,4215,2275,0,11649
Roger Berry MP,14552.33,0,20511.66,89540.35,5548,5114,0,8742
Clive Betts MP,22104.66,0,23202.32,97443.17,11054,5222,0,10708
Brian Binley MP,21100.00,0,19119.59,85646.20,4589,2638,0,11006
Elizabeth Blackman MP,21680.37,0,20038.73,100548.84,5773,6216,2681,10346
Hazel Blears MP,17352.16,0,13766.14,80765.02,17148,3271,9524,11554
Bob Blizzard MP,22930.88,0,16484.34,103910.35,5845,6886,0,12327
Crispin Blunt MP,23976.81,0,13379.92,101828.64,3262,3667,0,1473
David Blunkett MP,21363.06,0,25215.31,95660.75,4040,6549,0,10470
Peter Bone MP,22446.77,0,13152.00,109184.40,6328,3245,4368,10245
David Borrow MP,23604.78,0,19270.34,103117.00,10353,5426,0,10400
Timothy Boswell MP,4727.30,0,13208.17,93022.44,2625,3167,0,4570
Peter Bottomley MP,11698.00,0,10863.03,102365.62,3992,1989,0,1839
Ben Bradshaw MP,18144.19,0,17238.84,88993.12,4514,5309,0,3908
Graham Brady MP,23821.19,0,15719.58,92691.28,9870,2896,0,0
Thomas Brake MP,0.00,2916,25655.61,96740.97,2232,3766,0,10226
Julian Brazier MP,18917.36,0,16180.93,95865.64,4880,4384,0,4225
Colin Breed MP,16815.87,0,23241.01,82542.67,9770,2716,0,10115
Kevin Brennan MP,23311.91,0,14366.46,69616.91,10805,2576,0,11454
James Brokenshire MP,150.70,0,12871.81,92697.11,2253,2102,0,2871
Annette Brooke MP,16604.98,0,18671.66,90153.12,3681,3370,0,9023
Angela Browning MP,23978.13,0,9721.64,102652.17,6890,4547,0,17
Desmond Browne MP,19996.31,0,15615.91,95842.42,12762,3262,0,2604
Gordon Brown MP,9492.05,0,12794.06,97983.41,13023,1739,0,1887
Jeremy Browne MP,21375.80,0,22019.44,100085.74,8960,6397,5580,9684
Lyn Brown MP,21594.52,0,15031.37,105029.50,474,6978,0,7053
Nicholas Brown MP,15454.53,0,9276.98,95719.73,11256,5389,0,12466
Russell Brown MP,19521.58,0,22938.31,93358.11,13541,4248,0,10423
Malcolm Bruce MP,22816.42,0,16785.74,100197.35,21232,2202,0,14997
Chris Bryant MP,23367.23,0,17008.75,94299.17,12958,4443,0,7759
Karen Buck MP,0.00,2916,22130.65,98508.80,948,6999,0,9965
Richard Burden MP,14987.93,0,20574.13,97357.34,11636,4616,12565,8366
Colin Burgon MP,22600.00,0,20720.13,97647.94,9670,2448,0,4289
Andy Burnham MP,12300.99,0,19765.76,89969.02,10454,2322,0,993
Simon Burns MP,15948.61,0,14107.31,89547.05,4708,3439,0,7659
David Burrowes MP,0.00,2916,17152.62,104634.89,3094,2882,2246,6621
Paul Burstow MP,0.00,2916,11160.49,97628.59,2325,4859,0,16158
Alastair Burt MP,23786.32,0,17537.09,97104.47,7612,4082,0,8603
Lorely Burt MP,21306.84,0,20143.37,102906.69,5734,3079,0,10232
Dawn Butler MP,5976.12,243,11977.32,96460.61,0,6829,0,12519
John Butterfill MP,18882.36,0,16982.71,85983.58,5511,2037,0,297
Stephen Byers MP,8654.27,0,11351.03,64386.11,15079,6988,0,6008
Liam Byrne MP,22963.27,0,25970.17,96399.20,6404,6717,0,10271
Vincent Cable MP,0.00,2916,21794.38,98878.11,2740,3941,0,11086
Richard Caborn MP,19621.43,0,15853.81,97403.04,19383,2254,0,6834
David Cairns MP,16034.14,0,16269.49,78551.82,14669,3400,0,9141
David Cameron MP,20240.25,0,8941.76,109815.24,1562,4458,5844,1318
Alan Campbell MP,16887.18,0,24324.50,84500.82,17034,5712,0,13808
Gregory Campbell MP,16674.80,0,4516.00,80145.84,20298,1193,0,525
Menzies Campbell MP,15041.34,0,12763.71,95751.17,18099,2950,7294,9072
Ronnie Campbell MP,23854.14,0,27092.11,81456.58,12037,2915,0,10437
Alistair Carmichael MP,19371.58,0,20961.78,76695.60,35472,2975,0,2174
Douglas Carswell MP,24006.00,0,16040.31,98355.17,6978,4314,0,13882
William Cash MP,19773.22,0,19963.73,79905.42,11593,917,0,8675
Martin Caton MP,8404.76,0,16885.32,87413.90,6893,4335,0,8726
Ian Cawsey MP,3875.00,0,18261.21,86396.50,14709,852,0,8317
Colin Challen MP,15975.61,0,15246.20,105744.65,19870,3066,0,103
Ben Chapman MP,22259.69,0,23869.25,86959.15,14058,6666,0,13123
David Chaytor MP,24006.00,0,19766.66,101714.15,11512,3909,9323,11103
Christopher Chope MP,19933.63,0,9535.28,78113.42,5696,1556,0,0
James Clappison MP,9310.28,0,14352.11,102894.79,8296,819,0,12459
Michael Clapham MP,22005.33,0,9216.18,63930.29,7523,1710,2247,885
Charles Clarke MP,23331.88,0,21508.22,100731.61,9513,6111,0,10143
Greg Clark MP,3000.00,0,7409.39,114909.29,3834,3006,0,5949
Katy Clark MP,17699.66,0,24431.81,88277.54,11986,5520,0,9023
Kenneth Clarke MP,14895.33,0,8961.68,92266.86,5916,3479,0,2606
Paul Clark MP,19862.34,0,21161.89,91581.67,3373,6292,0,10414
Thomas Clarke MP,12905.00,0,11828.50,104093.77,12788,3382,0,11979
Nick Clegg MP,17080.52,0,23132.96,94211.68,5766,3171,0,4702
David Clelland MP,17628.93,0,22637.40,84415.53,21834,2123,0,6502
Geoffrey Clifton-Brown MP,24006.00,0,21464.24,80049.11,4940,4286,0,10974
Ann Clwyd MP,21201.35,0,13790.76,86656.79,7265,976,0,3527
Vernon Coaker MP,8944.18,0,22651.50,94357.02,9005,3207,0,9618
Ann Coffey MP,15663.00,0,16113.72,84093.17,8391,982,0,10839
Harry Cohen MP,23961.05,0,17465.03,103780.29,2677,1754,0,8315
Michael Connarty MP,23580.53,0,23944.53,92218.75,27162,6421,0,13705
Derek Conway MP,23994.20,0,16933.78,82724.13,6824,903,0,9538
Francis Cook MP,23700.00,0,11606.64,91550.65,17719,1544,0,10269
Rosie Cooper MP,20338.94,0,18927.32,87463.16,11756,6979,0,10393
Yvette Cooper MP,11839.61,0,17889.95,100801.91,16195,6531,0,10672
Jeremy Corbyn MP,0.00,2916,13784.10,105550.66,934,5431,0,4193
Patrick Cormack MP,23530.34,0,17299.26,89157.51,5724,6998,0,127
James Cousins MP,8063.18,0,15323.91,99320.59,11912,3655,12064,6147
Geoffrey Cox MP,23000.00,0,23325.86,91909.89,11900,3979,0,11262
Stephen Crabb MP,20371.13,0,28897.11,78485.71,13575,2157,0,10118
David Crausby MP,21713.45,0,19439.19,94864.54,10466,4280,0,8183
Mary Creagh MP,21955.26,0,18312.59,98596.07,10353,6770,0,10752
Jon Cruddas MP,23646.78,0,21740.25,101225.88,1744,5893,0,9769
Ann Cryer MP,19620.36,0,19433.41,98870.28,10870,1588,0,4811
John Cummings MP,19459.65,0,11843.07,110333.63,22937,1815,0,0
James Cunningham MP,16678.38,0,12691.43,66701.08,2239,2816,0,3870
Tony Cunningham MP,14743.92,0,11048.65,71889.52,19231,3493,0,636
David Curry MP,12071.24,0,19151.21,97871.74,9098,1644,0,154
Claire Curtis-Thomas MP,23469.10,0,21830.00,100567.84,9338,5829,0,5380
Alistair Darling MP,10626.48,0,12847.52,97283.82,15844,1882,0,9960
Edward Davey MP,0.00,2916,25178.87,97207.57,2299,3772,2466,10349
Dai Davies MP,22441.67,0,9081.00,89456.45,4648,1703,0,353
David Davis MP,18113.54,0,17343.87,78536.76,9065,3413,4440,3641
David Davies MP,23815.60,0,21603.35,81246.64,15929,2245,0,20557
Ian Davidson MP,23866.89,0,13922.45,98474.19,16074,6989,0,11918
Philip Davies MP,23886.02,0,14603.10,100598.81,12491,4748,0,14931
Quentin Davies MP,24006.00,0,2483.32,100558.25,12689,1859,0,0
Wayne David MP,14242.89,0,17787.17,100709.19,11689,3416,0,4569
Janet Dean MP,15610.16,0,14988.81,87907.32,4858,6099,0,10443
John Denham MP,23805.56,0,22952.41,92214.83,4134,4294,0,9713
Jim Devine MP,23658.72,0,19782.23,93955.58,14037,2961,11145,10209
Parmjit Dhanda MP,17093.12,0,18784.58,102348.69,4602,6877,0,11632
Andrew Dismore MP,2927.04,0,25480.42,95919.99,5119,6935,0,10388
Jonathan Djanogly MP,20103.77,0,24070.45,87063.13,5687,2654,8380,7102
Jim Dobbin MP,4366.63,0,18204.05,103492.51,7318,936,0,4938
Frank Dobson MP,0.00,2916,5057.40,107417.23,72,2121,0,10394
Nigel Dodds MP,22435.69,0,15604.21,81899.09,20932,5429,0,6183
Pat Doherty MP,21600.00,0,0.00,101524.34,2140,0,0,0
Jeffrey Donaldson MP,13460.52,0,14191.25,93503.15,20633,5263,0,6436
Brian Donohoe MP,23995.96,0,18329.35,100799.35,24415,4396,0,9714
Frank Doran MP,23788.56,0,22378.64,99727.97,24161,1799,0,10284
Nadine Dorries MP,23332.06,0,28963.02,86626.77,8460,1433,0,9715
Stephen Dorrell MP,16458.19,0,9752.26,60272.36,6352,2865,0,387
Jim Dowd MP,0.00,2916,21225.74,101171.99,2843,2783,0,8518
David Drew MP,13059.00,0,11256.95,98102.46,6466,6985,0,3591
James Duddridge MP,23499.11,0,21158.40,101132.83,4235,3591,253,7391
Alan Duncan MP,23918.58,0,23589.88,97474.00,8500,1298,0,7835
Iain Duncan-Smith MP,0.00,2916,15806.75,71628.28,3530,1601,0,2595
Philip Dunne MP,0.00,0,12551.93,98624.73,7755,5912,0,14387
Mark Durkan MP,18808.91,0,23831.08,91435.10,14200,1388,0,8854
Angela Eagle MP,7483.82,0,20166.53,102067.12,9196,3710,4389,10403
Maria Eagle MP,14367.66,0,13982.45,108218.55,10611,2297,0,8957
Clive Efford MP,0.00,2916,19332.99,101242.00,1798,3454,0,12223
Louise Ellman MP,23591.86,0,16667.11,105317.95,15855,3771,0,7961
Tobias Ellwood MP,23593.72,0,21011.39,72687.64,7799,814,3817,4128
Natascha Engel MP,17264.14,0,18044.37,96965.65,7167,1452,0,5785
Jeffrey Ennis MP,14242.28,0,12843.05,73846.56,10762,1736,0,1319
William Etherington MP,20612.42,0,17161.56,99036.22,16287,2372,0,0
Nigel Evans MP,21181.07,0,19968.91,82204.38,12566,2445,0,2641
David Evennett MP,0.00,2916,14235.32,80844.72,2243,984,0,5244
Michael Fabricant MP,16298.52,0,14556.38,84591.47,6679,3249,361,3306
Michael Fallon MP,23659.58,0,11090.02,74840.62,3761,1585,0,3087
Paul Farrelly MP,23882.07,0,16626.28,102797.33,18190,3983,0,5322
Tim Farron MP,23484.46,0,22814.67,99583.00,15865,6887,0,10290
Lynne Featherstone MP,0.00,2916,19893.20,101056.04,458,2837,0,11316
Frank Field MP,8420.82,0,6921.42,98345.51,10911,4816,0,10263
Mark Field MP,0.00,2916,7802.10,91905.94,4197,2401,0,23939
Mark Fisher MP,20063.10,0,7331.95,74665.15,8711,1525,0,9465
Jim Fitzpatrick MP,0.00,2916,11770.24,107676.20,400,6721,1789,10182
Robert Flello MP,12792.72,0,22671.61,98586.28,10152,6998,0,8980
Caroline Flint MP,19382.62,0,18263.45,79826.63,10605,6979,0,7137
Paul Flynn MP,10008.93,0,9192.14,97006.45,4939,2182,0,8762
Barbara Follett MP,18908.09,0,17321.08,101531.49,0,4268,5596,0
Don Foster MP,19017.93,0,20006.48,95385.67,8069,3240,0,7141
Michael Jabez Foster MP,13865.19,0,22193.00,99160.92,5213,6999,0,8129
Michael John Foster MP,24006.00,0,16826.79,89770.39,7633,3293,0,12430
Liam Fox MP,17293.42,0,21217.64,100331.16,11336,2471,0,3189
Hywel Francis MP,24006.00,0,17729.83,100057.13,7998,2138,3502,6033
Mark Francois MP,20690.56,0,12594.46,95763.78,5381,3717,0,5028
Christopher Fraser MP,23961.84,0,15299.89,91153.55,7512,3894,10928,8764
Roger Gale MP,5648.25,0,22322.38,90471.26,6918,6485,0,6092
George Galloway MP,0.00,2916,21055.00,101342.68,0,43,0,4983
Mike Gapes MP,0.00,2916,27428.84,97968.88,2511,3305,1500,6277
Barry Gardiner MP,21106.59,0,14227.39,107978.18,4392,6994,0,10288
Edward Garnier MP,24006.00,0,11797.14,96241.82,9956,2787,0,4109
David Gauke MP,20505.71,0,15010.62,80086.19,2079,4255,0,3846
Andrew George MP,17912.48,0,19764.84,96972.25,15961,6474,3063,9987
Bruce George MP,8762.47,0,12557.62,94778.66,7157,1143,0,3273
Neil Gerrard MP,0.00,2916,11047.66,100991.80,1208,1952,0,4051
Nicholas Gibb MP,23971.23,0,14164.33,81288.57,8831,3790,0,0
Ian Gibson MP,17095.38,0,9688.42,97814.75,3261,3836,0,8575
Sandra Gidley MP,22899.65,0,21641.29,106469.28,6213,5158,9803,9149
Michelle Gildernew MP,21600.00,0,22187.05,100057.65,2840,415,0,0
Cheryl Gillan MP,22452.19,0,22578.22,94903.67,7729,6230,0,5640
Linda Gilroy MP,18874.69,0,26213.22,101469.71,8424,6542,2163,9694
Roger Godsiff MP,24006.00,0,8560.65,113729.24,10803,6865,15318,10056
Paul Goggins MP,9517.82,0,21308.61,84733.41,10486,3864,0,13895
Julia Goldsworthy MP,22406.45,0,20380.79,91000.59,11101,6161,0,10582
Helen Goodman MP,24000.32,0,15156.82,86294.83,24073,6973,0,20575
Paul Goodman MP,10267.81,0,15989.72,92088.35,2367,1726,0,4463
Robert Goodwill MP,21669.88,0,11858.67,97338.26,12569,3876,0,3927
Michael Gove MP,23715.63,0,16705.53,101059.73,4569,907,0,14847
Chris Grayling MP,11341.67,0,21696.73,95799.91,8456,1344,9105,9590
James Gray MP,24006.00,0,19323.27,100533.33,9761,4434,0,11715
Damian Green MP,22724.30,0,17931.37,88586.37,3883,1014,0,6913
Justine Greening MP,0.00,2916,19205.77,90782.89,1439,3157,0,3525
John Greenway MP,23725.11,0,16138.14,84336.36,9049,975,0,0
Dominic Grieve MP,18642.44,0,19242.02,87066.82,2424,2888,0,6891
Nigel Griffiths MP,16209.05,0,18776.34,96556.00,13705,7000,0,17464
Nia Griffith MP,17399.53,0,13867.82,105510.42,10758,6132,0,13332
John Grogan MP,24006.00,0,21124.00,101273.34,18147,3607,4995,4110
John Gummer MP,8188.81,0,9030.07,77226.83,952,2950,0,2696
Andrew Gwynne MP,22325.65,0,19898.48,90100.46,15892,5020,0,20236
William Hague MP,13641.15,0,19438.78,98636.58,14150,5059,0,0
Peter Hain MP,22175.63,0,20098.00,102299.68,15149,4734,0,9438
Michael Hall MP,22929.69,0,14431.30,100680.53,10940,5547,8368,10339
Patrick Hall MP,18430.35,0,17125.47,94461.62,1247,3020,0,6486
David Hamilton MP,12727.11,0,16961.85,80946.61,15937,101,0,2776
Fabian Hamilton MP,23420.76,0,29727.44,92290.81,13350,6649,8520,10113
Philip Hammond MP,24000.00,0,11678.99,92244.18,3235,1266,0,0
Stephen Hammond MP,0.00,2916,19981.16,96466.00,4851,3955,0,12288
Michael Hancock MP,7303.32,0,22277.03,100064.20,5612,4935,0,10302
Greg Hands MP,0.00,2916,19508.18,82315.49,1974,1676,0,10252
David Hanson MP,24006.00,0,11195.40,93548.78,13775,6206,0,8264
Harriet Harman MP,0.00,2916,14483.36,107841.24,0,6456,0,10075
Mark Harper MP,23480.51,0,19405.24,102518.76,10783,6507,0,8243
Evan Harris MP,19257.00,0,31066.27,83107.38,12551,3208,0,2644
Tom Harris MP,19741.93,0,12963.54,88413.84,15346,1062,0,5755
Nicholas Harvey MP,22129.90,0,19327.02,100116.30,11991,3294,0,12476
Alan Haselhurst MP,21503.94,0,6530.57,76495.32,4489,3609,0,9654
Dai Havard MP,24006.00,0,17171.53,103277.95,5390,1087,0,10792
John Hayes MP,22099.05,0,22186.62,92717.48,7691,3661,12155,522
John Healey MP,14318.69,0,19072.85,99462.17,16747,6051,0,6847
Oliver Heald MP,21887.31,0,14754.92,103029.94,7431,3973,0,2318
Sylvia Heal MP,10543.85,0,16260.37,93686.05,8858,6027,0,7584
David Heath MP,23291.10,0,19584.41,91040.31,8949,3929,0,8207
David Heathcoat-Amory MP,19839.50,0,17642.71,93829.22,8173,2092,0,2812
John Hemming MP,17535.99,0,28553.98,93843.05,3315,5651,0,2892
Charles Hendry MP,20623.00,0,22402.96,99943.01,7539,1750,0,1500
Douglas Henderson MP,24006.00,0,20290.65,91751.81,18497,3973,0,8299
Mark Hendrick MP,17168.00,0,28461.85,84773.52,14713,2267,4367,13854
Stephen Hepburn MP,19813.38,0,18430.76,103951.55,15753,3153,0,9382
John Heppell MP,24006.00,0,19135.36,90241.32,6115,6986,0,8445
Nick Herbert MP,22720.20,0,7508.02,112455.76,3979,2175,0,5162
Sylvia Hermon MP,1252.37,0,16720.18,100364.36,7634,2477,0,0
Stephen Hesford MP,17267.87,0,24438.45,97958.98,19011,6488,0,9497
Patricia Hewitt MP,14461.00,0,22485.54,99912.00,4879,6956,0,10227
David Heyes MP,19017.45,0,19633.52,97706.17,10250,1676,0,5870
Keith Hill MP,0.00,2916,8435.09,99216.23,1504,6541,0,9857
Meg Hillier MP,0.00,2916,8457.77,98267.55,968,6995,0,17960
Mark Hoban MP,18464.52,0,9808.91,99170.03,7087,4085,0,12299
Margaret Hodge MP,0.00,2916,22743.92,97243.74,930,6994,0,13677
Sharon Hodgson MP,24006.00,0,17848.61,100982.07,16747,2502,0,1214
Kate Hoey MP,0.00,2916,6511.14,81128.55,2033,5051,0,9837
Douglas Hogg MP,14180.02,0,15119.66,65174.95,9235,5486,0,0
Adam Holloway MP,6783.45,0,16965.17,102860.71,2445,5571,0,12771
Philip Hollobone MP,22790.17,0,3525.63,0.00,7836,2560,0,10219
Paul Holmes MP,20855.48,0,21506.71,97664.61,8550,5724,0,8552
James Hood MP,18519.60,0,19317.79,87154.92,15414,4928,0,13225
Geoffrey Hoon MP,23850.37,0,21471.59,76639.77,10261,3157,591,18415
Philip Hope MP,12801.80,0,17995.55,103488.32,5666,6913,0,10536
Kelvin Hopkins MP,1123.10,0,16578.25,99094.07,4948,2361,0,9525
John Horam MP,7072.71,0,14563.04,69482.72,1907,933,0,10251
Martin Horwood MP,19655.10,0,22372.42,97950.25,6898,2209,0,10176
Stewart Hosie MP,21962.51,0,19886.79,95728.75,19490,1196,0,8680
David Howarth MP,0.00,0,19930.24,92765.29,4684,2679,0,1040
Gerald Howarth MP,20042.80,0,13312.04,75223.42,8274,1525,0,17045
George Howarth MP,9232.36,0,18916.55,99655.11,16638,4078,0,52
Michael Howard MP,17883.42,0,11727.70,80432.84,2951,2813,0,1348
John Howell MP,9666.39,0,8327.88,38138.21,3714,1070,1334,8309
Kim Howells MP,14902.87,0,9035.76,103432.11,12408,3135,0,2782
Lindsay Hoyle MP,15030.29,0,17180.60,99591.06,13029,2307,5242,4929
Beverley Hughes MP,21979.92,0,17868.18,102362.00,13421,6404,0,12262
Simon Hughes MP,0.00,2916,20029.00,106368.68,3939,6936,0,10400
Chris Huhne MP,4080.22,0,21201.36,100295.93,8712,4099,240,10510
Joan Humble MP,24006.00,0,29415.40,89549.80,15437,4113,0,10378
Jeremy Hunt MP,9891.19,0,16915.99,84421.76,4213,1019,0,9278
Mark Hunter MP,20020.93,0,17044.09,98646.09,8412,4456,0,10855
Nick Hurd MP,0.00,2916,26072.40,96325.00,2154,2085,0,9417
John Hutton MP,23437.91,0,11749.36,91919.53,10937,4962,5532,4735
Brian Iddon MP,14983.47,0,17174.34,96330.53,5788,2386,0,8
Eric Illsley MP,17648.01,0,13771.40,106839.46,15900,1503,0,10341
Adam Ingram MP,23462.81,0,14195.79,75190.45,23779,2195,0,3309
Huw Irranca-Davies MP,17001.62,0,15063.58,95525.49,7090,1221,0,6227
Glenda Jackson MP,0.00,2916,13763.14,108471.09,0,6854,5324,4611
Michael Jack MP,22725.95,0,9460.24,84157.04,9710,4068,0,0
Stewart Jackson MP,24006.00,0,19220.80,74165.68,10496,3805,0,12224
Sian James MP,17863.60,0,20876.73,92366.99,9846,1677,0,2686
Bernard Jenkin MP,24006.00,0,16728.02,103728.90,4189,2094,0,8853
Brian Jenkins MP,8634.33,0,20528.43,80910.10,5767,463,0,12161
Alan Johnson MP,10530.57,0,8644.40,84240.61,9619,2297,0,6324
Boris Johnson MP,0.00,0,4659.12,21219.68,0,4,22414,180
Diana Johnson MP,17946.15,0,20347.43,103528.51,11942,6098,0,7843
David Jones MP,16750.03,0,18494.75,86526.75,14172,3128,1661,9628
Helen Jones MP,22095.59,0,30218.36,92126.88,14083,4338,0,10337
Kevan Jones MP,22434.28,0,17989.07,97916.96,13660,3470,0,8962
Lynne Jones MP,11188.69,0,10196.74,110750.74,6126,4129,9239,401
Martyn Jones MP,24006.00,0,21026.67,84872.49,8029,4991,0,9335
Tessa Jowell MP,0.00,2916,9659.88,109725.37,922,3693,1260,8682
Eric Joyce MP,21805.93,0,25020.14,97122.14,38550,3215,0,835
Gerald Kaufman MP,15962.13,0,12347.76,89006.05,19212,4632,0,13607
Daniel Kawczynski MP,14556.88,0,19055.05,100718.26,11391,838,10209,8501
Sally Keeble MP,12236.65,0,19849.67,95632.61,4553,6923,0,9698
Barbara Keeley MP,23252.57,0,28775.85,85523.37,14954,764,0,10067
Ann Keen MP,17318.41,0,4447.14,101868.51,0,2410,0,10322
Alan Keen MP,17364.06,0,11610.26,108870.53,1548,4486,0,8218
Paul Keetch MP,23351.74,0,27000.17,87617.53,12897,5094,0,4417
Ruth Kelly MP,11293.56,0,24093.54,91496.60,10134,1608,0,59
Fraser Kemp MP,23079.57,0,13931.89,99520.73,10483,2880,0,160
Charles Kennedy MP,21101.52,0,14693.54,81637.42,35260,2544,0,12480
Jane Kennedy MP,23574.39,0,18208.99,99527.17,11746,2839,0,5628
Robert Key MP,13216.36,0,13765.61,88755.56,5737,1825,0,6943
Sadiq Khan MP,0.00,2916,17505.59,99004.67,442,6998,0,13323
David Kidney MP,18230.48,0,26297.74,95479.53,5215,4013,0,11017
Peter Kilfoyle MP,24006.00,0,21401.57,85221.68,11608,2126,0,4673
Julie Kirkbride MP,23432.16,0,16806.65,83388.42,8249,5446,0,5477
Greg Knight MP,20618.31,0,12864.26,97228.43,10169,5119,0,819
Jim Knight MP,22122.38,0,17408.77,104168.42,5620,1431,0,10007
Susan Kramer MP,0.00,2916,25547.98,95775.20,0,5184,0,11305
Ashok Kumar MP,23999.00,0,21169.24,101170.28,16910,5814,0,10400
Stephen Ladyman MP,23293.24,0,16671.08,92249.20,6467,5660,0,6550
Eleanor Laing MP,19665.40,0,17331.37,103950.64,826,1646,0,7394
Jacqui Lait MP,13750.60,0,13111.00,79491.06,7228,2271,0,2278
Norman Lamb MP,18998.62,0,23319.00,96467.61,6249,6301,0,10400
David Lammy MP,0.00,2916,14483.55,107914.00,1248,5374,0,7998
Mark Lancaster MP,23618.55,0,20274.30,99428.80,6014,6998,0,10390
Andrew Lansley MP,21451.65,0,16554.25,97922.53,7870,5612,11300,10440
David Laws MP,15962.00,0,22001.00,100396.75,10027,6557,0,10162
Bob Laxton MP,18588.86,0,15159.15,84763.87,5007,341,0,592
Mark Lazarowicz MP,14221.97,0,22432.20,98119.53,11917,6949,0,11210
John Leech MP,8684.20,0,22651.53,99257.44,10369,4253,0,10106
Edward Leigh MP,22139.43,0,14817.91,107563.03,13283,540,0,3481
David Lepper MP,11370.60,0,20075.12,96443.81,1667,6305,0,4189
Oliver Letwin MP,21073.12,0,12938.30,93042.35,8950,3779,0,0
Tom Levitt MP,20522.58,0,15255.59,95353.29,12519,5912,0,18756
Ivan Lewis MP,22835.12,0,24505.01,97892.59,12747,4030,972,10400
Julian Lewis MP,16931.58,0,16130.99,84778.68,5072,2717,0,197
Ian Liddell-Grainger MP,24006.00,0,21438.34,97154.00,18893,4269,0,8573
David Lidington MP,22345.32,0,9279.27,80068.20,3062,3477,0,8012
Peter Lilley MP,18268.46,0,15856.80,86490.44,1698,6999,0,7103
Martin Linton MP,0.00,2916,12897.54,98109.02,1732,6375,0,21633
Tony Lloyd MP,18544.26,0,23011.05,93465.60,9721,2470,0,3925
Elfyn Llwyd MP,19773.16,0,28757.26,86633.59,12896,1488,0,2157
Michael Lord MP,18428.35,0,18863.36,76007.96,6214,2000,0,2304
Timothy Loughton MP,22062.83,0,14641.44,84003.72,9100,1992,11425,4937
Andrew Love MP,20119.34,0,16837.41,105274.00,3571,3665,0,10921
Ian Lucas MP,21173.87,0,13639.85,93145.24,9411,4399,0,10060
Peter Luff MP,22982.38,0,11750.94,88299.53,7363,3777,0,12327
Andrew MacKay MP,23538.58,0,16711.95,76582.63,6102,3041,0,8504
Andrew MacKinlay MP,14342.10,0,21619.23,98161.13,4151,2271,3665,1888
David MacLean MP,18763.47,0,16339.70,64000.10,17143,1949,0,3163
Angus MacNeil MP,19464.94,0,12462.99,69548.20,32468,1775,0,5864
Denis MacShane MP,23994.71,0,19874.17,83958.88,10343,2705,4225,10390
Fiona MacTaggart MP,1810.58,0,14633.30,104330.70,2235,6998,5454,13726
Khalid Mahmood MP,4025.00,0,22359.11,97774.09,6668,734,0,9615
Anne Main MP,17859.37,0,11274.77,94851.60,3310,3465,0,13492
Humfrey Malins MP,6090.47,0,21684.57,58485.33,6624,2515,0,4199
Shahid Malik MP,23782.95,0,29100.52,89866.23,12289,6977,0,11079
Judy Mallaber MP,3586.56,0,8834.46,111313.58,5711,5822,0,7317
John Mann MP,9800.00,0,24763.13,97223.12,10846,6934,0,12059
John Maples MP,23318.53,0,20442.88,72908.49,4193,2591,0,784
Rob Marris MP,10426.74,0,20417.14,89398.37,2980,6154,0,9877
David Marshall MP,2878.12,0,2263.58,18363.36,2135,25,32944,0
Gordon Marsden MP,8958.92,0,18132.00,104265.54,15692,6587,0,10400
Robert Marshall-Andrews MP,18080.92,0,7006.26,85293.56,1037,2215,0,0
Eric Martlew MP,19069.88,0,19392.48,92158.85,11161,1834,0,5668
Michael Martin MP,7384.17,0,2794.28,33941.40,11726,221,0,0
John Mason MP,9920.88,0,19091.04,54580.12,5429,2472,0,12592
Michael Mates MP,23999.32,0,19739.59,51250.80,4857,1216,0,4865
Francis Maude MP,22207.36,0,12888.37,89993.23,6322,2013,0,22373
Theresa May MP,2077.95,0,7262.20,95837.16,1964,2645,0,16415
Thomas McAvoy MP,6211.44,0,21979.67,108180.42,8835,3743,0,13311
Christine McCafferty MP,23757.41,0,11186.02,111101.89,16318,4830,0,10324
Ian McCartney MP,14875.77,0,14400.49,93962.33,11820,2720,0,5475
Kerry McCarthy MP,20492.21,0,19984.11,102412.99,13761,6551,0,11841
Stephen McCabe MP,16961.10,0,29159.00,85813.92,6071,1410,3711,9057
Sarah McCarthy-Fry MP,20280.85,0,18110.30,98813.16,6208,6978,7269,8345
William McCrea MP,21176.83,0,26043.59,93881.79,19525,1367,0,6524
Alasdair McDonnell MP,19650.98,0,13009.28,109387.61,10755,1997,0,9054
John McDonnell MP,0.00,2861,22602.35,94217.98,2359,6949,0,9052
Siobhain McDonagh MP,0.00,2916,9845.02,100856.64,1836,6997,7369,20995
John McFall MP,18837.64,0,10301.15,108626.82,17863,2385,0,10477
Patrick McFadden MP,15115.56,0,18959.58,75634.31,7014,6348,0,6921
Jim McGovern MP,24006.00,0,19544.40,97978.68,19725,4903,0,12440
Edward McGrady MP,8169.03,0,29619.84,92770.58,14640,3071,0,7117
Anne McGuire MP,18473.20,0,18547.85,95975.51,2975,4976,0,10016
Martin McGuinness MP,19800.00,0,22138.21,98797.22,17512,0,0,0
Anne McIntosh MP,16364.77,0,12204.05,85621.75,13832,2681,0,4313
Shona McIsaac MP,11084.49,0,12535.99,105777.79,7248,6991,0,12583
Ann McKechin MP,15845.21,0,15078.75,94945.26,12880,6877,0,12790
Rosemary McKenna MP,22040.11,0,21070.68,84251.25,22636,1727,0,5984
Patrick McLoughlin MP,21619.62,0,11929.30,82746.99,8343,4238,0,5838
Tony McNulty MP,7330.00,0,16062.82,95077.20,0,1944,0,8146
Michael Meacher MP,8267.39,0,22188.57,100147.00,13033,3276,0,7260
Alan Meale MP,23959.00,0,17813.94,104307.62,22708,3481,0,10663
Patrick Mercer MP,21732.94,0,11682.08,110676.49,16897,2583,0,1175
Gillian Merron MP,20095.20,0,14089.77,100737.51,6976,6566,0,10333
Alun Michael MP,13129.01,0,21481.31,100961.51,8881,1758,0,7426
Alan Milburn MP,23047.57,0,20598.95,101660.58,21435,4082,0,9719
David Miliband MP,9082.71,0,16564.82,84675.89,4628,3725,0,6923
Andrew Miller MP,17584.93,0,15581.30,100340.86,15168,5121,0,8785
Ed Miliband MP,7782.60,0,14673.22,86385.67,6573,2174,0,6309
Maria Miller MP,24006.00,0,18025.90,90088.66,6667,4222,0,12336
Anne Milton MP,184.85,0,8908.05,88028.57,3259,4234,0,18402
Austin Mitchell MP,22544.19,0,13293.48,99986.87,14596,3619,0,7365
Andrew Mitchell MP,21800.22,0,18057.79,103270.38,6546,4658,0,9194
Laura Moffatt MP,38.70,0,25941.64,100324.25,6066,6994,0,13478
Chris Mole MP,9766.76,0,16450.33,94564.89,4016,5191,0,10379
Madeleine Moon MP,23999.32,0,15492.19,101856.05,9548,1951,0,12307
Michael Moore MP,20387.05,0,20206.55,97683.97,18269,4073,0,10919
Margaret Moran MP,24006.00,0,21889.51,97312.24,5184,6848,0,10094
Jessica Morden MP,13407.31,0,21065.41,95913.73,5054,951,0,10394
Julie Morgan MP,4959.63,0,17491.52,104678.58,8579,4031,11940,10366
Elliot Morley MP,15881.21,0,21307.54,84177.12,11118,2568,0,11537
Malcolm Moss MP,23958.28,0,22674.39,95385.55,6166,3497,0,7161
Kali Mountford MP,24006.00,0,21891.82,97870.54,15866,2497,3194,1407
George Mudie MP,8501.96,0,19475.14,97008.21,9153,6914,1734,331
Greg Mulholland MP,22645.89,0,23979.77,94059.34,10586,4195,0,10369
Chris Mullin MP,14647.94,0,21279.12,90247.20,3714,235,0,423
David Mundell MP,19446.73,0,25726.81,88148.79,22288,6971,0,14402
Meg Munn MP,22650.40,0,14861.22,80932.80,8677,6995,0,4211
Conor Murphy MP,21600.00,0,22050.40,98350.37,840,324,0,0
Denis Murphy MP,16390.18,0,19792.73,97857.95,13893,5705,0,11212
Jim Murphy MP,18884.09,0,29594.94,90407.32,9178,6313,0,10954
Paul Murphy MP,14294.29,0,14598.49,95001.48,3141,2233,0,13603
Andrew Murrison MP,15896.56,0,11130.99,85994.12,7536,4898,0,10038
Doug Naysmith MP,19846.34,0,17393.74,90038.13,5516,3920,0,6091
Robert Neill MP,18364.11,0,15219.65,105200.73,6481,2300,0,11591
Brooks Newmark MP,22000.00,0,12033.03,98525.30,3472,3272,0,6054
Dan Norris MP,14642.40,0,18384.77,93747.95,7770,6992,4914,6393
Mark Oaten MP,20276.75,0,25816.81,92183.61,10121,2928,0,9342
Michael O'Brien MP,10685.97,0,20749.74,100106.35,10090,2101,0,10319
Stephen O'Brien MP,23796.80,0,22554.18,99251.66,17569,3351,0,0
Edward O'Hara MP,23972.65,0,12346.85,86233.68,11023,261,0,623
William Olner MP,22106.19,0,15240.79,86004.23,9241,2176,0,1195
Lembit Opik MP,23778.73,0,29320.41,90969.57,7372,2148,3829,9710
George Osborne MP,23347.07,0,17474.10,94398.04,15386,3285,0,13164
Sandra Osborne MP,16601.36,0,19619.34,72799.52,16587,4675,5884,9490
Richard Ottaway MP,9634.90,0,20656.06,88771.39,2665,2234,0,9633
Albert Owen MP,18923.41,0,16320.98,83602.14,8333,2913,0,2938
James Paice MP,20513.22,0,9288.89,94978.77,8511,2722,0,11410
Ian Paisley MP,16624.66,0,13541.61,82922.24,4361,3836,0,1269
Nicholas Palmer MP,23393.45,0,20361.55,100103.90,10688,1382,938,12332
Owen Paterson MP,20213.88,0,24351.93,88035.72,26457,3884,0,11884
Ian Pearson MP,23887.25,0,21605.24,93217.49,6718,2313,1844,8030
Andrew Pelling MP,0.00,2916,6837.92,62899.20,2060,3621,0,21694
Mike Penning MP,7387.87,0,25161.17,92226.42,3642,2489,0,4172
John Penrose MP,13564.46,0,28673.24,90638.70,4624,5537,3340,8318
Anne Moffat MP,22594.61,0,26973.86,96274.57,21630,1721,0,11263
Eric Pickles MP,4495.96,0,10069.79,92096.62,3555,5227,0,11863
James Plaskitt MP,17800.31,0,21817.81,99572.30,4710,6978,0,10151
Gregory Pope MP,21613.60,0,24741.87,90652.82,15352,3275,0,9924
Stephen Pound MP,0.00,2916,7337.62,111938.40,3813,4770,0,7634
Bridget Prentice MP,0.00,2916,31982.28,89612.88,767,5890,0,9497
Gordon Prentice MP,17109.90,0,14071.42,70733.34,8499,5064,0,9520
John Prescott MP,24006.00,0,12891.33,101061.59,15983,2356,0,0
Adam Price MP,16609.87,0,20937.85,96494.15,10304,1703,0,6371
Dawn Primarolo MP,20798.45,0,18900.69,100285.95,6414,3092,0,9686
Mark Prisk MP,17068.97,0,23692.77,96610.01,4519,2835,1173,5079
Mark Pritchard MP,24006.00,0,20317.99,88109.26,13299,5996,0,21269
Gwyn Prosser MP,12708.59,0,18125.85,89359.42,2877,3536,0,225
John Pugh MP,23970.12,0,15616.92,92140.02,4572,2690,0,7931
Kenneth Purchase MP,11091.34,0,19594.57,86528.01,7560,2536,346,12005
James Purnell MP,20949.63,0,21945.21,93716.40,10651,1384,0,5218
Bill Rammell MP,4211.62,0,22327.22,98819.28,1883,4473,0,10499
John Randall MP,0.00,2916,14218.71,78595.56,3196,2164,0,0
Nick Raynsford MP,0.00,2916,16543.53,91556.44,0,2347,0,6004
John Redwood MP,19931.36,0,8561.69,55490.38,2649,1337,0,5660
Andrew Reed MP,20386.55,0,22060.93,98009.76,6615,2385,0,9952
Jamie Reed MP,21344.42,0,23498.26,95441.62,19904,2818,0,10460
Alan Reid MP,16110.60,0,19201.38,79740.03,18146,2425,0,12587
John Reid MP,15028.62,0,26723.94,81283.54,7134,1729,0,3179
William Rennie MP,21709.26,0,18055.43,94536.96,17212,4262,1339,14814
Malcolm Rifkind MP,0.00,2916,12435.63,91377.91,2562,2241,0,1868
Linda Riordan MP,23215.31,0,19334.93,94137.09,13758,2525,0,12918
Andrew Robathan MP,24006.00,0,8931.30,65135.00,8484,1611,3515,0
Angus Robertson MP,22199.58,0,33820.81,96502.77,25690,2285,0,7666
Hugh Robertson MP,23925.78,0,11792.56,86404.08,5942,2767,0,0
John Robertson MP,20761.48,0,19032.06,96640.49,20110,1361,0,5691
Laurence Robertson MP,24006.00,0,19690.00,102707.39,15962,2269,0,7065
Geoffrey Robinson MP,0.00,0,11042.24,99642.82,14636,2122,0,10163
Iris Robinson MP,16814.47,0,6023.55,78542.28,10908,1908,0,714
Peter Robinson MP,19751.16,0,10989.47,98872.91,12566,1951,0,11147
Dan Rogerson MP,22117.93,0,23060.33,94606.98,11050,5319,0,7527
Terence Rooney MP,10774.00,0,18201.95,88832.12,14450,4190,0,1965
Andrew Rosindell MP,23645.95,0,11896.49,109262.24,3238,5916,0,10394
Paul Rowen MP,21883.92,0,24860.15,96219.20,14303,5422,0,10050
Frank Roy MP,16033.39,0,16558.27,100128.35,17778,3176,0,12768
Lindsay Roy MP,9933.67,0,8957.45,25822.83,9309,2225,0,12066
Chris Ruane MP,23939.96,0,18570.85,100200.84,5906,6971,0,11099
Joan Ruddock MP,0.00,2916,21042.35,100612.19,228,4181,0,7307
David Ruffley MP,13152.30,0,17283.48,95085.03,6579,4061,0,10374
Bob Russell MP,5081.58,0,27768.70,94053.70,5775,4985,412,10892
Christine Russell MP,19274.30,0,20230.72,96069.47,11399,2940,0,5072
Joan Ryan MP,18282.60,0,17095.37,98362.98,1208,6914,0,17538
Alex Salmond MP,588.94,0,18052.62,96353.43,5418,6980,0,3924
Martin Salter MP,0.00,0,21325.03,95040.09,8872,937,0,11545
Adrian Sanders MP,18224.83,0,18704.39,95346.99,8870,6850,1707,9731
Mohammed Sarwar MP,24006.00,0,23213.15,99104.72,31310,5054,0,10299
Lee Scott MP,0.00,2916,14175.84,97666.98,3760,1532,0,7388
Alison Seabeck MP,17959.68,0,22072.67,96948.87,10359,5349,0,9433
Andrew Selous MP,22296.99,0,7877.65,93763.36,5829,6943,0,5841
Grant Shapps MP,4104.07,0,15833.88,87975.65,7843,2017,0,2487
Virendra Sharma MP,0.00,2916,25470.00,102094.89,1730,3802,0,11124
Jonathan Shaw MP,21220.07,0,16737.68,103827.68,1953,3024,0,12217
Barry Sheerman MP,22577.34,0,18751.35,100023.69,16034,6732,0,10812
Richard Shepherd MP,6665.31,0,13483.69,66248.89,5889,909,0,0
James Sheridan MP,24006.00,0,20975.77,93595.41,18888,6370,0,13984
Clare Short MP,10818.56,0,5531.34,108693.78,7649,4926,0,0
Mark Simmonds MP,24006.00,0,16138.56,102923.41,12246,2773,11173,8757
Sion Simon MP,23819.91,0,26144.07,99170.26,6339,6939,0,13254
Alan Simpson MP,23654.03,0,21335.76,100909.18,10895,5993,0,7392
David Simpson MP,19664.45,0,13209.61,91347.81,21274,1624,0,10115
Keith Simpson MP,21768.32,0,21985.06,86494.40,8174,1729,0,8097
Marsha Singh MP,19236.96,0,21536.88,109940.31,12365,1805,0,9563
Dennis Skinner MP,12229.90,0,1540.81,47093.36,5502,1831,0,48
Andrew Slaughter MP,0.00,2916,25374.11,96735.60,2719,6993,0,7476
Angela E Smith MP,9698.22,0,16166.79,104522.99,3081,3970,0,9174
Andrew Smith MP,9275.73,0,18643.37,102731.33,2956,6558,1329,9311
Angela C Smith MP,23253.86,0,21864.12,99433.34,10161,6999,0,10371
Geraldine Smith MP,21744.40,0,19658.80,96656.96,17685,2926,0,15481
Jacqui Smith MP,19181.87,0,15783.53,91998.23,8845,2634,0,6062
John Smith MP,22244.10,0,19856.95,93955.22,9002,4692,0,9624
Robert Smith MP,15460.70,0,15759.48,84345.76,18794,2245,0,13611
Anne Snelgrove MP,15006.11,0,21491.46,93445.89,8781,4752,0,10671
Nicholas Soames MP,19391.43,0,21792.74,98651.43,1832,2651,0,7433
Peter Soulsby MP,24006.00,0,21806.57,99680.39,9302,2537,0,7187
Helen Southworth MP,15561.90,0,18451.66,97847.42,9847,2877,0,7039
Caroline Spelman MP,7523.87,0,15781.67,48957.93,16090,3073,1311,9049
John Spellar MP,10460.49,0,12297.20,101037.84,4735,2968,0,516
Michael Spicer MP,20439.82,0,7184.98,50285.13,4044,2985,0,24817
Bob Spink MP,21874.51,0,13462.86,89738.63,6461,5726,0,9305
Richard Spring MP,23991.92,0,10992.68,76209.83,5310,3055,0,8499
John Stanley MP,21930.54,0,5534.23,65745.16,1423,4762,0,0
Phyllis Starkey MP,16670.46,0,11571.45,100571.62,6008,6758,0,15582
Anthony Steen MP,19763.53,0,13812.70,100311.02,14539,3739,0,12214
Ian Stewart MP,21600.00,0,13163.58,104974.43,12606,1888,0,1439
Howard Stoate MP,11255.26,0,18001.43,103964.04,3635,2434,0,10372
Gavin Strang MP,9521.01,0,16008.04,94712.49,19534,2501,0,10707
Jack Straw MP,6275.33,0,23515.29,93447.96,5291,6521,0,7836
Gary Streeter MP,23588.68,0,20635.48,98353.46,12763,2454,0,4924
Graham Stringer MP,19536.46,0,14520.64,76810.67,14467,6042,0,1323
Graham Stuart MP,21486.43,0,17121.84,104642.91,10296,5349,0,9313
Gisela Stuart MP,19279.79,0,27032.75,90289.14,7525,4606,5159,10306
Andrew Stunell MP,12402.80,0,12839.06,100169.89,4006,2980,0,15796
Gerry Sutcliffe MP,15079.20,0,17945.16,94217.95,20556,2969,1067,8868
Desmond Swayne MP,12557.69,0,7653.86,64335.14,3771,1686,0,269
Jo Swinson MP,19859.28,0,21262.30,78518.48,13939,2512,0,9286
Hugo Swire MP,23102.50,0,11609.07,110699.93,10823,2186,0,3216
Robert Syms MP,23999.98,0,19922.45,82868.91,5682,1347,0,5861
Mark Tami MP,19987.86,0,19022.11,102316.15,8869,3761,0,6628
Peter Tapsell MP,24006.00,0,12152.96,110244.56,6770,2637,0,1401
Dari Taylor MP,18780.91,0,14729.90,79799.95,20007,3288,0,9893
Ian Taylor MP,24006.00,0,6753.37,111652.21,4370,3547,21401,7771
Matthew Taylor MP,23963.34,0,21738.32,99722.59,10062,5819,5408,9960
Richard Taylor MP,19984.08,0,6725.85,63839.63,5230,1236,0,0
Sarah Teather MP,0.00,2916,25378.60,95093.71,1366,4133,0,10314
Gareth Thomas MP,7949.73,0,16982.43,103543.88,551,2690,0,10789
Emily Thornberry MP,0.00,2916,17907.17,100727.00,0,6939,0,14163
John Thurso MP,21633.19,0,13013.43,93989.51,34405,4613,0,11035
Stephen Timms MP,0.00,2916,4904.38,97695.36,0,4272,0,6557
Edward Timpson MP,10141.43,0,26553.09,92123.21,2803,5552,0,11568
Paddy Tipping MP,13131.17,0,20907.85,92132.51,13209,5317,0,11751
Mark Todd MP,9869.81,0,13545.53,104425.99,10964,3890,0,7540
Don Touhig MP,23898.69,0,15306.15,106544.27,7678,4019,0,6050
David Tredinnick MP,24006.00,0,10598.51,105232.49,6693,821,0,3913
Jon Trickett MP,2200.00,0,17618.72,96552.65,10560,6079,0,12399
Paul Truswell MP,10210.86,0,4577.77,95418.39,6702,7000,803,8505
Andrew Turner MP,15090.56,0,13199.39,79175.27,5333,3080,1808,4928
Desmond Turner MP,14565.89,0,20457.96,99013.04,5511,2149,9259,10275
Neil Turner MP,20148.47,0,14417.42,98627.01,10530,5968,0,6750
Derek Twigg MP,20093.64,0,12961.40,73275.54,13225,3097,0,9727
Andrew Tyrie MP,22726.15,0,11506.72,85002.91,4600,2647,0,0
Kitty Ussher MP,23671.21,0,28473.62,92548.44,17393,6885,0,12596
Ed Vaizey MP,18967.88,0,11528.16,77704.42,5724,2345,2052,1270
Shailesh Vara MP,23475.00,0,7952.13,106662.24,7807,2196,0,2143
Keith Vaz MP,23830.52,0,10616.16,110764.54,11628,6715,0,10383
Peter Viggers MP,24006.00,0,16747.24,67416.72,5260,1649,0,8979
Theresa Villiers MP,18826.92,0,17444.99,93084.64,2826,4288,0,6859
Rudolf Vis MP,22142.15,0,18696.83,90385.16,5560,4213,0,1772
Charles Walker MP,0.00,0,9541.46,102288.59,3258,1162,0,6076
Ben Wallace MP,24006.00,0,17098.26,103742.69,19174,3163,0,6562
Joan Walley MP,11436.44,0,18936.70,84258.53,12700,6202,0,10031
Lynda Waltho MP,24006.00,0,22508.14,88781.47,8794,6418,0,9395
Robert Walter MP,20416.16,0,15817.32,98623.99,9026,4054,0,12310
Claire Ward MP,24006.00,0,14482.10,101327.59,2050,2398,0,8407
Robert Wareing MP,13673.05,0,16920.22,105394.56,13938,1352,6867,5205
Nigel Waterson MP,18045.12,0,17985.50,104411.79,5840,3066,0,8814
Angela Watkinson MP,13181.12,0,19052.87,86524.66,1696,2955,0,7264
Tom Watson MP,14487.44,0,16882.23,78304.19,7224,6990,0,5978
David Watts MP,8334.03,0,31967.54,64591.31,12953,2449,0,9135
Steven Webb MP,19741.09,0,19115.69,101427.06,9537,3661,0,8616
Michael Weir MP,21544.21,0,17462.68,81670.31,12774,1305,0,8456
Alan Whitehead MP,11808.14,0,20318.33,95738.75,5351,6995,0,11893
John Whittingdale MP,17827.81,0,8817.10,85711.35,4744,1729,0,10512
Malcolm Wicks MP,0.00,2916,22019.69,100372.24,486,5479,0,8431
Ann Widdecombe MP,2104.64,0,19158.82,97292.47,1239,2901,0,0
Bill Wiggin MP,12687.95,0,15720.97,92293.93,8493,4664,0,1917
Alan Williams MP,5074.67,0,11049.69,69542.15,4021,2001,0,0
Betty Williams MP,12919.81,0,11548.19,96388.04,15611,6095,200,0
David Willetts MP,22691.41,0,24654.89,97721.30,8896,3767,250,6160
Hywel Williams MP,19884.66,0,18389.10,83062.76,13603,3708,0,3824
Jenny Willott MP,23187.26,0,19288.59,94667.24,6618,446,3978,5382
Mark Williams MP,21625.35,0,18700.06,94398.22,15585,2969,0,12919
Michael Wills MP,18582.34,0,11951.47,108263.95,1887,6972,0,8748
Philip Willis MP,23640.33,0,24250.95,97529.84,14558,2062,0,10300
Roger Williams MP,19359.35,0,10594.26,88858.40,8115,3845,0,9467
Stephen Williams MP,23301.44,0,22128.60,86619.35,6600,2317,0,15406
David Wilshire MP,24006.00,0,20320.93,78467.25,9977,6906,0,10484
Philip Wilson MP,21994.99,0,23554.57,97937.88,24352,853,0,2711
Rob Wilson MP,0.00,0,20250.48,88577.82,8174,2784,0,10371
Sammy Wilson MP,16855.27,0,20794.53,93359.73,18946,4740,0,6045
David Winnick MP,10044.82,0,12166.32,68579.15,5779,698,0,4047
Ann Winterton MP,22403.98,0,14139.24,74749.67,3905,3944,0,0
Nicholas Winterton MP,21521.00,0,5489.16,59701.68,6018,2758,0,0
Rosie Winterton MP,16761.66,0,19000.57,94963.24,4730,962,0,8129
Peter Wishart MP,19899.78,0,23364.01,97870.98,24079,4806,0,8784
Mike Wood MP,11363.10,0,12293.08,109529.78,5348,5084,0,8714
Roberta Blackman-Woods MP,21785.16,0,18167.18,95214.48,15269,5473,0,13769
Shaun Woodward MP,21417.00,0,25707.73,94102.17,5196,2783,12423,3506
Philip Woolas MP,23987.94,0,23200.32,98359.07,23119,2588,0,10489
Tony Wright MP,16079.37,0,13884.22,76695.28,9058,4648,0,153
Anthony D Wright MP,12770.44,0,19672.57,95867.39,8081,2320,0,3935
David Wright MP,24006.00,0,12540.20,90190.99,7183,2359,0,12707
Iain Wright MP,15418.20,0,13968.25,90622.25,6759,3527,0,6430
Jeremy Wright MP,20539.68,0,20815.12,78057.70,5597,2399,0,6231
Derek Wyatt MP,23983.64,0,21539.97,98593.33,4468,3548,0,10818
Timothy Yeo MP,24006.00,0,15340.05,106380.06,5704,2430,0,8401
George Young MP,23297.26,0,14577.05,79237.50,5653,4054,0,1846
Richard Younger-Ross MP,22414.30,0,27909.05,90077.07,13839,5215,0,6996
